50.68 32.04 24.22 119.78 126.73 109.49
52.79 37.49 29.85 129.98 137.19 87.6
77.14 46.11 41.27 150.9 146.59 34.24
62.73 42.42 36.18 141.93 141.14 58.86
46.37 37.14 30.46 129.54 136.04 89.63
45.23 33.19 27.82 122.07 130.24 105.89
47.34 31.69 24.13 118.02 128.92 118.02
62.55 38.46 29.67 131.74 133.76 81.71
50.68 37.49 29.76 130.07 134.99 87.96
40.75 34.42 29.05 124.53 133.32 101.93
53.41 38.02 29.76 131.03 135.34 85.05
56.22 38.11 29.76 131.3 134.9 83.91
68.79 42.42 32.84 138.68 139.47 66.42
51.3 36.97 29.58 129.1 134.46 89.71
57.36 36.35 28.0 127.6 131.38 92.0
34.42 30.55 24.66 115.03 129.71 122.33
78.64 46.46 44.0 153.54 145.36 26.68
51.12 34.15 27.82 123.56 129.8 101.41
44.26 37.58 31.52 130.51 137.19 88.48
64.57 39.96 31.34 135.08 135.43 73.98
44.53 33.71 27.82 122.86 130.86 104.04
56.75 35.47 27.82 125.67 130.07 96.04
39.34 29.67 22.99 113.98 127.52 128.31
62.55 39.6 30.9 134.37 135.43 76.26
57.1 35.65 27.74 126.2 132.88 95.08
52.09 32.57 24.57 120.48 126.9 107.56
71.16 42.59 35.12 141.76 138.95 57.8
60.0 39.69 31.69 134.9 136.66 75.3
43.91 37.67 31.69 130.95 137.8 87.78
39.43 30.2 24.31 115.56 128.84 120.13
