0.37 0.101 0.065
0.414 0.079 0.068
0.436 0.182 0.079
0.442 0.107 0.074
0.427 0.027 0.07
0.395 0.05 0.064
0.372 0.08 0.064
0.39 0.151 0.069
0.419 0.063 0.069
0.414 0.003 0.067
0.417 0.081 0.069
0.41 0.103 0.069
0.4 0.173 0.071
0.413 0.073 0.068
0.386 0.128 0.067
0.383 -0.008 0.064
0.445 0.181 0.081
0.387 0.093 0.066
0.434 0.002 0.071
0.4 0.154 0.07
0.401 0.04 0.064
0.379 0.129 0.066
0.371 0.033 0.063
0.403 0.142 0.07
0.38 0.13 0.066
0.369 0.11 0.065
0.409 0.178 0.073
0.415 0.12 0.07
0.436 -0.004 0.071
0.378 0.029 0.063
