1.545 -0.757 -1.274 -0.566 0.035 0.002
0.218 -1.911 -1.265 0.381 0.025 0.038
0.949 -2.151 -0.517 0.301 -0.008 0.016
2.196 -0.918 -0.343 0.041 -0.033 -0.04
0.971 -1.736 -1.394 -0.309 -0.004 0.026
1.468 -1.013 -0.798 1.12 0.001 -0.034
0.141 -1.185 -1.52 1.494 0.037 -0.024
0.721 -2.133 -0.612 1.775 0.047 0.025
-0.023 -1.785 1.282 0.391 -0.04 -0.027
1.015 -0.689 0.468 1.004 0.008 -0.046
0.735 -2.163 -0.122 1.421 -0.017 -0.0
-0.005 -2.418 -0.447 0.618 -0.017 0.041
0.582 -2.102 -1.478 -0.085 0.035 0.013
0.741 -1.901 -1.459 1.615 -0.022 -0.023
0.594 -1.416 0.242 2.257 -0.029 -0.032
0.998 -1.506 -0.923 0.114 -0.022 0.025
1.203 -2.43 0.262 1.099 -0.036 -0.028
0.688 0.485 -0.176 -0.287 -0.003 2.67
2.239 -1.095 -0.057 0.987 -0.03 -0.008
2.159 -1.318 0.224 0.646 0.022 0.023
0.589 -2.206 0.301 -0.211 -0.033 0.008
0.847 -1.074 -1.395 1.033 0.009 0.009
0.375 -0.977 -0.181 1.387 -0.041 -2.421
0.286 -0.434 -0.208 1.051 -0.019 -0.026
0.157 -0.641 1.553 1.21 0.005 0.03
1.303 -1.164 -0.405 1.758 -0.004 -0.035
1.168 -1.108 0.296 1.953 -0.043 0.025
1.3 -1.585 -0.294 1.404 0.011 0.032
0.004 -1.99 1.62 0.554 -0.023 0.038
2.065 -1.606 0.635 0.833 0.0 0.041
