0.317 -0.201 0.064
0.358 -0.133 0.064
0.287 -0.2 0.062
0.306 -0.081 0.057
0.351 -0.073 0.063
0.288 -0.117 0.058
0.322 -0.09 0.06
0.311 -0.046 0.057
0.337 -0.078 0.061
0.3 -0.135 0.059
0.354 -0.03 0.062
0.313 -0.046 0.058
0.33 -0.058 0.06
0.354 -0.031 0.062
0.342 -0.016 0.061
0.315 -0.174 0.062
0.343 -0.123 0.063
0.315 -0.142 0.061
0.294 -0.105 0.057
0.34 -0.029 0.061
0.351 -0.093 0.063
0.322 -0.13 0.061
0.314 -0.157 0.061
0.318 -0.03 0.058
0.286 -0.038 0.056
0.306 -0.01 0.056
0.303 -0.148 0.06
0.364 -0.046 0.063
0.352 -0.055 0.063
0.297 -0.136 0.059
