3.695 22.541 27.348 103.16 128.038 152.19
15.837 25.949 26.485 108.281 129.321 139.016
-1.052 17.965 25.367 96.053 123.117 166.383
15.312 15.932 19.62 93.943 116.728 166.694
21.462 23.843 22.984 104.537 124.735 144.415
8.174 13.64 20.24 90.567 115.573 174.527
15.799 18.932 21.164 97.743 120.147 159.025
21.067 16.724 18.67 95.099 116.225 163.283
19.113 21.441 21.886 101.114 122.326 151.629
7.397 16.393 21.928 94.165 119.136 167.827
27.693 24.569 22.013 105.736 124.114 140.73
21.238 17.093 18.817 95.545 116.604 162.333
21.062 20.14 20.548 99.339 120.203 154.667
27.547 24.556 22.034 105.708 124.129 140.812
28.54 22.721 20.542 103.184 121.612 145.663
5.466 20.717 25.315 100.19 125.055 157.012
14.576 23.239 24.508 103.896 125.932 147.547
8.601 19.219 23.319 97.996 122.305 160.228
10.576 14.287 19.968 91.651 115.889 172.095
26.348 22.144 20.612 102.24 121.379 147.899
19.038 23.996 23.801 104.9 125.663 144.401
10.886 19.941 23.151 99.048 122.64 157.669
6.902 19.713 24.152 98.684 123.365 159.383
24.196 18.168 18.748 97.033 117.17 158.828
20.383 12.175 16.76 89.521 111.04 174.716
26.633 16.353 17.391 95.066 114.571 162.623
6.291 17.48 22.872 95.54 120.706 165.431
26.693 26.077 23.477 108.098 126.41 136.394
23.928 24.02 22.461 104.744 124.274 143.398
6.868 15.936 21.801 93.488 118.668 169.192
