2.15 26.33 28.18 100.53 128.04 152.22
15.08 27.65 26.33 107.65 129.36 139.03
-2.33 22.46 26.42 94.81 123.12 166.37
12.53 19.3 20.09 91.65 116.7 166.73
20.53 25.54 22.9 104.75 124.7 148.97
6.81 16.22 21.41 89.19 115.56 174.55
14.29 22.11 21.58 96.75 120.13 158.99
19.47 20.18 20.09 93.67 116.26 163.3
18.07 24.57 23.08 100.7 122.33 151.6
6.99 19.12 22.99 94.29 119.16 167.87
27.91 24.31 22.64 106.15 121.63 140.7
19.03 20.62 20.18 93.32 116.62 162.33
19.12 23.52 21.58 98.59 120.22 154.68
26.59 24.57 22.81 105.71 124.09 140.79
27.65 23.43 21.23 103.52 121.63 145.63
4.0 24.57 26.59 97.71 125.05 157.05
12.88 26.51 24.75 102.02 125.93 147.56
6.11 22.11 23.16 96.75 122.33 160.22
10.24 17.71 21.41 90.86 115.91 172.09
23.78 25.45 21.67 99.82 121.36 147.91
17.63 24.92 24.66 105.54 125.67 148.97
9.36 23.69 22.99 96.75 122.68 157.67
5.14 22.81 24.75 97.45 123.38 159.34
21.14 21.58 19.82 95.43 117.14 158.81
18.33 14.64 18.33 89.1 111.08 174.73
24.31 20.09 18.51 93.67 114.59 162.59
4.26 20.53 23.08 93.49 120.75 165.41
26.59 26.15 24.48 108.62 123.82 136.4
21.23 26.33 22.99 103.78 124.26 143.43
4.44 19.03 23.08 91.74 118.64 169.19
