37.886 20.658 17.655 100.656 116.711 149.229
36.944 19.546 17.22 99.218 115.629 152.352
27.373 17.509 17.806 96.49 115.726 159.553
59.67 29.731 21.633 114.725 123.097 117.702
44.926 21.767 17.406 102.097 116.098 145.129
29.706 18.27 17.762 97.538 116.056 157.042
46.359 26.024 19.762 108.197 121.188 132.496
46.968 27.218 20.525 110.035 122.627 128.687
33.084 20.376 18.26 100.232 117.65 150.895
31.925 25.125 21.565 106.844 123.909 137.823
43.057 25.044 19.521 106.735 120.802 135.98
59.904 27.69 20.326 111.623 120.323 124.155
32.648 25.408 21.632 107.294 124.104 136.8
50.318 31.749 23.87 117.567 128.108 112.924
55.677 27.702 20.348 111.44 121.365 124.94
63.793 35.548 26.437 124.75 130.354 96.151
44.661 23.624 18.447 104.682 118.526 139.89
60.701 29.445 21.441 114.331 122.463 118.432
42.491 22.164 17.866 102.657 117.285 144.366
45.747 20.104 16.529 99.752 113.715 149.743
50.019 30.179 22.512 114.912 125.962 118.384
46.419 21.169 16.993 101.266 114.918 146.602
37.452 18.898 16.837 98.403 114.718 153.964
28.666 18.405 18.024 97.679 116.48 156.924
38.491 23.028 18.908 103.847 119.469 142.598
60.112 31.323 22.796 117.292 125.17 112.296
48.193 27.56 20.64 110.6 122.777 127.372
36.525 15.956 15.648 94.585 111.359 161.911
61.533 36.027 27.109 125.652 131.694 94.52
33.268 22.955 19.768 103.703 120.767 143.814
