0.315 0.052 0.059
0.31 0.048 0.058
0.312 -0.008 0.057
0.315 0.167 0.061
0.305 0.093 0.06
0.314 0.005 0.057
0.33 0.095 0.062
0.337 0.096 0.062
0.322 0.022 0.058
0.354 -0.002 0.061
0.332 0.076 0.061
0.299 0.17 0.06
0.355 0.002 0.061
0.363 0.103 0.064
0.314 0.147 0.06
0.349 0.178 0.065
0.318 0.089 0.061
0.309 0.173 0.061
0.314 0.078 0.06
0.292 0.099 0.06
0.351 0.107 0.063
0.297 0.102 0.06
0.305 0.052 0.058
0.316 -0.002 0.057
0.329 0.051 0.06
0.326 0.167 0.062
0.336 0.103 0.062
0.289 0.05 0.057
0.363 0.161 0.066
0.338 0.016 0.06
