34.59 23.08 18.42 98.86 116.7 149.23
35.03 22.64 18.33 97.63 115.65 152.4
25.45 20.62 18.24 96.22 115.74 159.52
59.56 29.23 21.14 115.12 120.84 117.67
41.27 24.57 18.42 100.7 116.09 145.1
27.21 22.2 18.59 96.57 116.09 157.05
45.85 25.89 19.47 108.7 118.64 132.53
47.08 27.38 20.79 110.64 119.96 128.66
30.99 23.34 19.91 98.77 117.67 150.9
30.9 26.86 21.23 106.95 123.91 137.8
42.95 25.19 19.12 107.38 120.84 135.96
60.0 27.3 20.79 112.04 117.58 124.18
32.4 25.63 21.23 107.91 121.63 136.84
50.33 31.16 24.22 117.93 125.58 112.92
55.16 28.18 21.05 111.96 121.36 124.97
63.52 36.09 26.33 125.23 130.33 96.13
41.45 25.63 19.82 104.48 118.55 139.91
60.88 28.88 20.88 114.59 119.78 118.46
39.43 24.75 18.42 100.53 117.32 144.4
42.59 23.25 18.51 98.77 113.71 149.76
49.89 29.58 22.29 115.38 123.38 118.37
44.09 23.87 18.24 101.49 114.95 146.59
34.51 21.32 18.42 97.27 114.68 153.98
25.8 22.11 18.59 96.75 116.44 156.97
38.55 22.73 18.86 104.48 119.43 142.64
60.0 30.81 22.37 117.76 122.07 112.31
48.13 27.03 20.97 111.08 120.4 127.34
35.03 19.3 16.66 94.37 111.34 161.89
61.32 35.47 27.82 126.02 129.19 94.55
31.43 26.15 19.82 102.37 120.75 143.78
