3.296 -2.422 -0.765 1.796 0.011 -0.001
1.914 -3.094 -1.11 1.588 -0.021 -0.048
1.923 -3.111 -0.434 0.27 -0.014 0.033
0.11 0.501 0.493 -0.395 2.257 0.032
3.656 -2.803 -1.014 1.397 0.008 0.029
2.496 -3.93 -0.828 0.968 -0.034 -0.008
0.509 0.134 0.292 -0.503 2.548 -0.034
-0.112 -0.162 -0.265 -0.605 2.667 0.027
2.094 -2.964 -1.65 1.462 -0.02 -0.005
1.025 -1.735 0.335 -0.106 -0.001 0.023
0.107 -0.146 0.401 -0.645 -0.038 0.02
-0.096 0.39 -0.464 -0.417 2.743 -0.025
0.248 -0.222 0.402 -0.616 2.474 -0.04
-0.012 0.589 -0.35 -0.363 2.528 0.004
0.517 -0.478 -0.702 -0.52 0.005 -0.03
0.273 -0.542 0.107 -0.48 0.024 0.021
3.211 -2.006 -1.373 0.202 -0.024 -0.02
-0.179 0.565 0.561 -0.259 2.683 -0.028
3.061 -2.586 -0.554 2.127 -0.035 -0.034
3.157 -3.146 -1.981 0.982 0.005 -0.017
0.129 0.599 0.222 -0.468 2.582 0.014
2.329 -2.701 -1.247 -0.224 -0.032 0.012
2.942 -2.422 -1.583 1.133 0.038 -0.016
2.866 -3.705 -0.566 0.929 0.04 -0.046
-0.059 0.298 0.048 -0.633 0.039 -0.042
0.112 0.513 0.426 -0.468 3.1 -0.014
0.063 0.53 -0.33 -0.48 2.377 0.032
1.495 -3.344 -1.012 0.215 0.019 0.021
0.213 0.557 -0.711 -0.368 2.504 -0.03
1.838 -3.195 -0.052 1.333 0.017 0.034
