1.545 -3.789 -0.832 2.63 -0.002 -0.03
0.757 -1.701 0.155 0.631 -0.039 -0.014
1.278 -4.495 -1.053 1.243 -0.003 0.013
2.782 -3.368 -0.47 2.293 0.028 -0.036
0.932 -1.697 0.084 -0.213 0.035 -4.555
1.364 -2.58 -1.17 1.377 0.013 -0.023
1.509 -3.178 -0.416 0.993 0.017 0.035
1.597 -3.456 -1.42 1.429 -0.035 -0.017
1.043 -3.129 -1.194 0.414 -0.004 0.029
0.407 -2.727 -1.062 -0.125 -0.024 -0.043
-0.217 0.259 -0.627 -0.414 2.484 0.03
2.208 -3.527 -1.363 2.225 -0.016 0.003
1.942 -3.38 -1.032 0.749 -0.017 -0.013
0.957 -0.014 -0.776 -0.002 0.039 0.022
0.89 -0.709 -0.688 -0.336 -0.018 0.033
1.466 -3.853 -1.275 2.48 0.005 -0.038
1.696 -3.271 -0.242 1.876 0.002 -0.013
2.491 -2.891 0.159 1.246 -0.025 0.008
0.336 -3.423 -1.442 0.791 -0.021 0.005
2.568 -3.306 -1.058 2.42 0.019 -0.011
1.408 -0.924 -0.859 -0.64 -0.007 -4.569
1.526 -3.749 0.161 2.298 -0.04 -0.001
1.762 -3.097 -0.598 1.234 -0.015 0.043
3.056 -3.412 -1.072 1.603 0.03 0.018
2.053 -2.465 -1.57 0.421 -0.04 -0.014
2.323 -3.737 -1.119 1.396 -0.019 0.033
2.031 -3.05 -0.208 2.05 -0.044 0.021
0.103 -0.073 -1.003 -0.522 2.59 -0.006
2.698 -2.31 -0.529 0.964 0.014 -0.032
2.428 -3.094 -1.279 1.748 0.028 0.002
