0.285 -0.202 0.062
0.285 -0.154 0.06
0.285 -0.106 0.057
0.285 -0.058 0.056
0.285 -0.01 0.055
0.285 0.038 0.057
0.285 0.086 0.059
0.285 0.134 0.059
0.285 0.182 0.06
0.339 -0.202 0.066
0.339 -0.154 0.063
0.339 -0.106 0.062
0.339 -0.058 0.061
0.339 -0.01 0.06
0.339 0.038 0.061
0.339 0.086 0.062
0.339 0.134 0.062
0.339 0.182 0.064
0.392 -0.202 0.072
0.392 -0.154 0.069
0.392 -0.106 0.066
0.392 -0.058 0.065
0.392 -0.01 0.064
0.392 0.038 0.064
0.392 0.086 0.066
0.392 0.134 0.068
0.392 0.182 0.071
0.446 -0.202 0.08
0.446 -0.154 0.077
0.446 -0.106 0.075
0.446 -0.058 0.073
0.446 -0.01 0.073
0.446 0.038 0.074
0.446 0.086 0.074
0.446 0.134 0.076
0.446 0.182 0.081
