0.696 -3.978 -1.023 0.532 -0.025 0.022
1.617 -3.613 -0.888 1.303 0.022 -0.046
1.499 -4.205 -0.497 0.947 -0.017 -0.007
2.236 -3.088 -1.13 0.215 0.004 -0.003
1.276 -2.872 -0.611 0.657 -0.042 0.031
2.912 -3.732 -1.469 0.582 -0.029 0.007
2.273 -3.741 -1.179 1.344 0.026 -0.039
2.86 -2.526 -1.181 0.396 -0.005 -0.039
-0.383 -0.085 -0.592 -0.519 -0.03 0.043
1.141 -2.516 0.379 1.964 0.004 0.0
2.043 -4.012 -0.612 1.976 -0.028 -0.008
1.228 -2.736 0.184 1.539 -0.001 0.02
2.512 -3.335 -0.285 1.142 0.029 0.006
3.096 -2.754 -1.458 0.505 -0.002 -0.045
2.793 -2.407 -0.217 1.428 0.016 0.013
-0.221 -0.33 -0.192 -0.394 -0.001 -4.852
-0.001 0.553 -0.1 -0.516 2.939 0.006
-0.005 0.424 -0.682 -0.152 2.448 0.027
-0.052 0.214 1.424 -0.447 2.448 0.004
0.127 0.272 1.927 -0.345 2.687 -0.008
0.764 -0.319 0.329 -0.413 2.578 -0.028
0.156 -1.227 -0.598 0.98 0.022 -4.521
0.216 0.227 0.217 -0.273 0.013 0.036
0.207 0.475 0.273 -0.335 2.831 -0.033
0.001 0.477 -0.318 -0.454 2.351 0.008
0.083 0.41 0.446 -0.24 2.353 0.045
0.944 -0.343 1.475 -0.095 0.039 -0.014
-0.057 0.415 1.477 -0.385 -0.023 -0.038
-0.265 0.338 1.431 -0.141 2.427 -0.031
-0.161 -0.719 1.76 -0.533 0.018 -0.029
0.276 -0.807 1.873 -0.647 0.033 -0.022
0.06 0.48 1.114 -0.342 2.417 0.029
0.192 0.469 1.492 -0.27 2.342 0.039
0.216 -0.584 2.026 -0.659 0.044 0.042
0.093 0.447 1.205 -0.185 2.799 -0.017
0.009 0.355 1.513 -0.203 -0.03 0.022
