-1.544 17.782 25.397 95.782 123.005 167.012
3.067 14.807 22.192 91.633 118.042 173.364
9.369 12.715 19.503 89.517 114.223 176.393
16.876 11.902 17.38 88.965 111.524 176.307
25.316 12.468 15.959 90.197 110.248 172.731
34.162 14.508 15.371 92.762 110.261 166.027
43.193 17.839 15.741 96.774 111.626 156.221
52.57 22.044 17.239 102.856 114.585 142.771
62.167 26.945 19.938 110.381 118.61 126.413
7.251 25.834 29.169 108.554 131.654 141.23
10.883 23.548 25.898 104.526 127.402 147.462
15.868 22.104 23.264 102.159 124.089 150.48
21.982 21.675 21.295 101.402 121.829 150.376
29.166 22.256 20.122 102.615 120.918 146.725
36.943 24.013 19.783 105.208 121.116 140.103
45.269 26.79 20.428 109.366 122.509 130.308
54.289 30.313 22.27 115.394 125.179 116.886
63.865 34.494 25.388 122.798 128.738 100.287
17.398 33.574 35.134 123.293 140.778 110.204
20.037 31.872 31.687 119.085 136.977 117.402
24.194 30.761 29.119 116.907 134.228 120.452
29.386 30.553 27.312 116.19 132.372 120.359
35.596 31.217 26.367 117.137 131.573 116.916
42.797 32.695 26.423 119.885 131.931 109.897
50.681 35.067 27.502 123.986 133.211 99.828
59.463 38.08 29.856 129.74 135.493 86.065
69.384 41.457 33.785 137.265 138.719 67.896
30.143 40.455 44.247 140.845 150.437 69.012
31.775 39.328 40.421 136.339 146.997 78.699
34.869 38.711 37.67 133.667 144.418 83.531
39.266 38.713 35.943 132.763 142.763 84.158
44.85 39.38 35.264 133.588 142.067 80.869
51.572 40.689 35.732 136.13 142.342 73.669
59.596 42.446 37.586 140.571 143.644 61.972
68.883 44.537 40.985 146.675 145.789 45.653
79.169 46.905 45.953 153.867 148.41 25.122
