0.679 -0.698 -0.781 0.07 -2.396 -0.045
0.229 0.878 -0.278 -0.442 1.578 2.243
-0.143 0.767 -0.235 -0.509 0.941 2.53
-0.215 0.732 -0.214 -0.388 -0.014 2.731
-0.008 0.789 -0.102 -0.49 -0.04 2.715
-0.018 1.041 -0.144 -0.563 1.002 0.036
0.066 1.06 -0.155 -0.521 0.909 2.325
0.023 0.812 -0.066 -0.255 1.177 2.517
0.15 0.503 -0.214 -0.188 0.976 -0.037
0.086 0.854 0.263 -0.312 0.026 0.014
-0.032 0.828 0.31 -0.566 1.129 0.015
0.044 0.959 0.126 -0.532 -0.001 2.561
0.699 -0.043 -1.34 -0.075 -0.012 0.037
1.938 -1.019 -1.722 1.028 -0.018 0.026
0.007 0.831 0.294 -0.405 1.055 0.042
-0.06 0.85 0.136 -0.557 0.04 2.176
0.102 0.828 0.084 -0.457 1.317 2.488
0.218 0.555 0.257 -0.328 0.917 -0.019
0.043 0.838 0.393 -0.626 1.289 2.435
0.148 -0.3 0.343 -0.025 -1.565 -0.027
0.113 0.464 0.147 -0.336 -0.012 0.016
0.769 -0.056 -0.873 0.237 -1.718 -2.13
-0.027 0.875 0.508 -0.427 -0.035 2.407
-0.082 0.777 0.574 -0.54 0.025 0.026
-0.027 0.474 0.409 -0.153 0.042 2.358
0.221 0.814 0.433 -0.501 -0.013 0.006
0.232 0.913 0.347 -0.287 1.303 0.025
-0.138 0.31 1.29 -0.287 1.235 0.015
-0.002 0.423 1.161 -0.157 -0.007 0.004
0.007 0.383 0.579 -0.16 0.038 -2.248
0.114 0.482 0.195 -0.258 0.001 2.881
0.062 0.5 0.251 -0.281 -0.004 2.243
-0.285 0.712 0.415 -0.143 0.954 -0.001
0.312 0.642 0.593 -0.223 -0.039 2.203
0.071 0.638 0.886 -0.252 1.341 0.03
0.393 0.806 1.055 -0.348 -0.003 0.018
