-0.069 0.594 -0.123 -0.786 -2.015 0.013
-0.404 1.355 0.562 -0.826 1.316 0.022
0.036 0.234 -0.252 -0.69 -2.227 -0.02
-0.188 0.417 -0.264 -0.743 -2.053 -0.018
0.712 -1.322 -0.777 0.605 -1.737 0.012
-0.172 0.813 0.152 -0.771 0.031 -0.028
-0.065 0.584 -0.301 -0.633 0.012 -2.678
1.408 -0.693 -0.89 -0.439 -0.013 -0.0
-0.284 1.324 0.305 -0.695 0.025 -0.008
-0.243 0.868 0.251 -0.77 -1.7 -0.035
0.138 -0.997 -0.325 -0.146 -1.896 -0.0
0.176 0.054 0.003 -0.766 -0.038 0.024
0.498 -0.384 -0.434 -0.327 -2.361 -0.042
-0.055 1.25 -0.009 -0.597 0.041 2.59
-0.291 1.239 0.065 -0.65 -0.025 -0.009
-0.146 1.221 0.609 -0.829 -0.034 0.017
-0.355 1.379 0.376 -0.574 0.024 -0.045
-0.088 0.99 0.21 -0.721 -2.191 0.001
0.834 -0.796 -1.379 0.172 -1.948 0.04
0.487 -1.145 -0.642 0.626 0.028 -2.505
0.927 -1.372 -0.375 0.924 -0.024 -0.005
-0.277 0.921 0.487 -0.888 0.034 -0.023
0.047 1.327 0.289 -0.657 0.003 2.298
-0.217 1.32 0.276 -0.643 0.007 2.163
1.063 -1.842 -0.877 1.021 -0.006 0.005
0.248 -0.522 -0.655 -0.531 -1.464 -2.113
-0.008 -0.487 -0.043 -0.72 0.003 0.002
0.416 -0.469 -1.017 -0.159 -0.031 -2.255
0.432 -0.519 -1.072 -0.202 0.012 0.012
-0.237 1.263 0.063 -0.713 0.004 -0.033
