17.713 30.728 31.006 116.926 135.85 122.24
23.349 37.075 38.899 131.211 145.231 92.266
29.888 30.373 26.959 115.807 131.94 120.955
32.564 36.821 34.954 129.097 141.604 93.802
26.588 35.962 35.544 127.663 141.932 98.504
24.801 36.272 36.736 128.677 143.085 96.997
29.868 36.678 35.626 129.042 142.192 94.7
35.364 38.066 36.159 131.76 142.925 87.414
26.166 26.367 23.868 108.586 126.959 135.592
36.126 36.118 32.541 126.905 139.127 97.234
22.156 34.627 34.935 124.982 140.963 105.265
30.291 32.336 29.206 119.664 134.91 113.398
38.63 37.759 34.413 130.44 141.194 89.236
14.752 29.597 30.647 114.927 134.984 126.955
21.708 32.046 31.39 119.377 136.798 116.347
30.464 32.183 28.972 119.366 134.631 113.939
34.498 37.5 35.424 130.44 142.154 90.432
20.665 32.437 32.233 120.225 137.708 115.019
31.649 31.496 27.803 117.966 133.223 116.352
36.815 34.975 30.641 124.343 136.996 102.235
25.971 27.945 25.435 111.388 129.337 130.364
37.464 38.22 35.649 131.763 142.446 86.785
41.154 38.042 34.026 130.723 140.814 87.931
39.142 37.062 33.037 128.66 139.741 92.778
25.213 29.74 27.604 114.84 132.328 124.082
38.535 37.625 34.207 130.119 140.977 89.931
28.517 38.674 40.159 134.842 146.669 82.917
29.266 33.794 31.422 122.674 137.515 107.75
24.089 31.073 29.518 117.503 134.728 119.332
30.464 32.807 29.731 120.552 135.572 111.592
