1.194 -1.596 -0.587 -0.099 -0.013 -1.802
1.562 -0.415 -1.718 0.709 -0.017 -0.003
1.302 -0.468 -2.242 -0.477 0.031 0.007
0.622 -1.65 -0.35 0.075 -0.037 -0.029
0.076 -0.531 -2.078 -0.471 -0.015 0.002
0.635 -1.252 -0.743 1.389 -0.022 0.012
1.57 -1.699 -1.418 -0.323 0.01 -0.043
0.715 0.191 -1.836 0.991 -0.001 0.032
0.627 0.44 -0.708 -0.17 -0.016 -0.005
0.223 0.73 -0.356 -0.574 -0.003 -0.03
2.423 -1.279 -1.128 0.171 0.012 -0.007
0.504 -1.153 -0.422 1.873 0.014 -0.042
1.529 -0.182 -0.569 0.022 0.039 0.036
2.181 -1.986 -0.045 0.377 0.04 -0.002
0.512 -0.534 -1.314 0.804 -0.037 0.009
1.187 -1.962 -1.151 1.459 -0.043 0.041
0.765 -1.648 -1.525 1.692 0.02 0.005
0.963 -1.79 -1.492 1.386 -0.041 -0.035
0.703 -0.011 -2.084 0.73 -0.016 -1.81
0.811 -1.556 0.06 0.421 -0.042 -0.01
1.347 -1.711 -1.354 -0.009 0.024 0.023
2.116 -0.383 -1.429 0.448 0.031 0.018
1.117 -1.647 -0.114 0.76 -0.042 -2.086
1.465 -0.591 -0.611 1.416 -0.022 0.029
1.32 -1.025 -0.76 -0.231 -0.019 0.035
0.043 -0.75 -1.573 0.606 -0.001 -0.033
0.862 -0.886 -1.075 1.627 -0.021 -0.002
0.355 -1.803 -0.21 0.533 -0.032 -0.022
0.69 -1.668 -1.443 0.593 0.013 -0.027
2.18 -1.08 -1.216 0.853 0.008 -0.043
