19.318 34.799 36.406 126.026 142.364 104.191
20.342 33.935 34.535 123.627 140.364 108.533
21.78 33.191 32.906 121.755 138.617 111.71
23.624 32.573 31.514 120.435 137.149 113.762
25.817 32.121 30.344 119.601 135.946 114.826
28.22 31.923 29.35 119.048 134.926 115.209
30.886 31.939 28.563 118.891 134.148 114.763
33.797 32.174 27.993 119.129 133.619 113.498
36.956 32.619 27.655 119.787 133.357 111.379
40.393 33.245 27.582 120.935 133.397 108.297
44.096 34.051 27.791 122.559 133.732 104.255
47.946 35.093 28.246 124.467 134.267 99.514
51.942 36.356 28.964 126.659 134.994 94.068
56.189 37.76 30.012 129.291 135.978 87.644
60.713 39.277 31.429 132.376 137.214 80.156
65.548 40.872 33.256 135.92 138.689 71.504
70.733 42.497 35.541 139.929 140.384 61.556
