5.726 24.501 28.405 106.322 130.188 145.795
7.418 23.224 26.695 104.06 127.885 149.334
9.51 22.116 25.146 102.279 125.83 152.002
11.941 21.227 23.749 100.904 124.007 153.89
14.704 20.569 22.51 99.974 122.455 154.963
17.735 20.187 21.429 99.407 121.152 155.297
21.027 20.08 20.52 99.261 120.141 154.83
24.593 20.233 19.808 99.628 119.485 153.457
28.384 20.662 19.304 100.47 119.177 151.2
32.289 21.413 19.0 101.597 119.124 148.256
36.302 22.464 18.915 103.046 119.345 144.595
40.445 23.778 19.076 104.902 119.883 140.125
44.709 25.332 19.498 107.161 120.726 134.852
49.138 27.073 20.217 109.913 121.911 128.661
53.766 28.962 21.266 113.189 123.439 121.478
58.509 31.023 22.626 116.785 125.181 113.546
63.335 33.256 24.296 120.614 127.073 104.968
