0.205 -2.477 0.243 1.166 -0.028 0.022
1.526 -1.551 -1.542 -0.627 0.037 0.045
0.609 -1.308 -0.219 0.335 0.032 -0.011
0.561 -0.446 -1.919 0.652 0.006 -2.081
1.879 -1.347 -1.1 0.551 -0.035 0.006
0.752 -1.148 -0.52 2.46 0.018 -0.019
0.556 -1.447 -1.903 0.542 -0.038 0.007
0.027 -0.73 -1.193 -0.67 0.037 -0.012
1.388 -1.11 -0.203 -0.533 0.023 0.032
0.442 -1.066 -0.579 2.137 -0.005 0.036
1.449 -0.985 -2.191 -0.618 0.038 -0.013
0.987 -0.664 -1.732 2.066 0.044 0.006
0.141 -1.66 -0.113 0.559 0.043 0.009
0.171 -1.196 -1.679 -0.557 -0.016 -0.026
0.337 -1.388 -0.988 -0.503 0.028 -2.124
1.655 0.201 -1.208 1.463 -0.019 -0.006
0.189 -0.878 -0.926 -0.661 0.032 0.034
0.097 -0.911 -1.775 0.435 -0.009 0.011
0.51 0.498 -0.505 -0.371 0.022 2.412
0.773 -2.235 -0.863 1.526 0.018 -0.005
2.449 -0.503 -0.217 1.378 -0.005 0.01
1.611 -0.873 0.027 0.612 -0.034 0.032
0.417 0.706 -0.425 -0.33 -0.042 0.03
0.478 0.655 -0.342 -0.356 -0.012 2.256
1.232 -1.054 -0.544 1.695 -0.043 -0.024
0.166 -0.317 -1.884 0.766 -0.008 -0.001
0.257 -0.924 -2.057 -0.57 -0.03 -0.012
1.397 -0.511 -0.429 1.972 -0.006 -0.018
0.74 0.374 -0.846 1.368 0.047 -0.028
1.14 -1.402 -1.084 1.478 -1.159 0.02
