0.177 0.617 0.483 -0.193 0.016 2.477
1.93 -0.554 -0.646 2.023 0.004 0.006
2.342 -0.798 0.103 0.89 0.041 0.025
1.552 0.693 -0.914 1.116 -0.027 0.017
2.204 0.684 -0.1 1.474 0.044 -0.014
0.096 -1.676 0.019 1.422 -0.044 0.04
1.046 -1.277 -0.617 1.226 0.018 0.009
0.745 -1.58 -0.773 0.309 -0.001 0.042
1.179 0.193 -0.387 0.96 -0.011 0.024
2.085 -1.291 0.228 -0.208 -0.004 0.0
0.75 0.43 -0.32 -0.102 0.044 -0.034
0.615 0.041 0.821 0.086 0.949 2.439
0.667 0.326 -0.194 -0.066 0.046 2.465
0.1 -1.616 0.362 -0.351 0.018 -0.043
1.402 -1.173 -1.359 -0.558 -0.032 -0.036
1.903 -0.778 -1.558 1.007 -0.02 -0.02
1.821 0.375 -1.525 1.076 -0.029 0.039
0.29 0.458 0.402 -0.168 -0.029 2.877
1.01 -1.291 0.307 0.201 -0.018 0.04
1.459 -1.345 -1.6 1.499 0.036 -0.04
0.448 0.35 -0.193 -0.081 -0.002 0.006
2.05 -0.331 -0.333 0.947 -0.002 -0.022
1.853 -1.538 0.249 0.407 0.003 0.027
1.299 -0.287 -1.278 0.108 -0.028 0.03
0.264 0.351 0.307 -0.093 -0.037 0.016
-0.003 -1.143 -1.255 0.236 0.043 -0.003
2.06 -1.044 -0.157 0.569 -0.026 0.044
2.108 -0.757 0.383 0.678 -0.011 0.014
1.838 -1.25 0.239 0.95 0.028 -0.014
2.627 -0.77 0.266 1.069 -0.018 -0.044
