-0.623 0.093 0.543 -0.582 -1.377 -0.005
0.64 -0.682 -1.066 -0.269 -1.56 -0.029
0.684 -1.602 -1.066 0.087 -2.173 0.021
0.234 -0.755 -0.528 -0.553 -1.521 -2.234
0.091 0.653 -0.158 -0.411 0.918 2.502
-0.484 1.049 0.596 -0.693 -0.027 -0.011
-0.524 0.859 0.827 -0.698 -1.56 0.035
0.397 -0.77 -0.699 0.292 -1.17 -0.02
-0.381 0.161 0.496 -0.756 -2.111 0.006
-0.065 1.169 0.059 -0.698 0.947 0.035
0.265 0.66 0.367 -0.819 0.948 0.017
0.699 -0.383 -0.652 -0.403 -2.022 0.022
0.21 0.846 0.144 -0.739 1.046 0.036
-0.59 0.704 0.833 -0.726 -1.28 -0.004
1.367 -1.32 -1.576 0.307 0.006 -0.02
0.548 -0.997 -0.684 -0.543 -1.995 -0.021
0.164 0.699 0.453 -0.693 0.962 2.344
0.776 -1.061 -1.177 -0.397 -0.019 -2.204
-0.011 -0.23 -0.545 -0.635 0.027 -2.056
0.881 -0.79 -0.645 0.047 -0.043 -2.044
1.981 -1.137 -1.316 0.69 -0.013 -0.017
-0.258 -0.619 0.135 -0.608 -0.004 0.02
-0.409 0.075 0.542 -0.718 -0.042 -0.017
-0.606 1.328 0.607 -0.739 0.038 2.314
1.412 -1.043 -1.232 0.006 -0.009 0.019
0.135 0.717 0.54 -0.488 0.011 -0.003
0.25 -0.801 -0.272 -0.634 -0.029 -2.222
1.244 -1.073 -0.967 0.328 -2.232 0.015
1.15 -0.698 -1.027 0.236 -2.135 -0.012
0.0 -0.532 -0.531 -0.458 -0.014 -2.461
