0.227 0.579 0.293 -0.487 -0.003 -0.037
0.242 0.702 0.706 -0.634 0.955 2.428
-0.255 0.532 0.139 -0.666 0.037 -0.036
0.163 0.621 0.576 -0.554 1.104 0.003
0.098 0.602 0.635 -0.241 0.009 -0.007
0.222 -0.839 -0.759 -0.49 -0.048 -0.005
0.409 -0.412 -0.144 -0.315 0.041 0.022
0.225 -0.74 -0.254 -0.401 -1.727 -2.22
0.268 0.415 0.325 -0.208 0.02 2.921
0.146 0.596 0.488 -0.563 -0.013 2.495
0.733 -0.436 -0.529 -0.034 -1.575 0.033
0.259 -0.375 0.015 -0.124 -1.746 -1.952
0.063 -0.202 0.017 -0.359 -2.536 0.037
0.239 -0.257 0.002 -0.519 -1.999 -0.014
0.095 -0.223 0.06 -0.459 -2.519 -0.024
0.349 0.542 0.072 -0.361 -0.025 0.035
1.016 -0.001 0.171 -0.609 -2.222 -0.001
0.132 0.886 0.437 -0.575 -0.011 2.35
0.127 -0.264 -0.124 -0.358 -2.094 -1.899
0.05 0.083 -0.276 -0.631 -1.902 -0.001
-0.108 0.775 0.504 -0.669 -0.021 2.687
0.15 0.682 0.519 -0.58 0.893 2.628
1.273 -1.378 -0.898 0.169 -2.081 -0.027
0.287 0.52 0.515 -0.405 0.039 2.449
0.244 0.65 0.379 -0.414 0.961 2.246
0.197 -0.702 -0.294 -0.409 -1.979 0.043
0.195 0.624 0.209 -0.542 0.038 -0.016
0.001 0.529 0.289 -0.474 -0.006 0.011
0.377 0.587 0.465 -0.69 0.029 -0.033
0.142 0.673 0.591 -0.518 0.003 2.355
