-2.24 21.76 26.42 95.25 123.03 166.99
1.45 18.42 23.08 90.33 118.02 173.41
7.87 16.92 20.0 88.57 114.24 176.4
14.64 14.99 18.51 88.75 111.52 176.31
24.04 15.34 16.57 89.54 110.29 172.7
31.25 18.24 16.84 92.18 110.29 166.02
40.92 21.58 16.92 95.43 111.6 156.26
49.71 24.57 18.42 102.46 114.59 142.81
62.55 27.03 20.53 110.9 118.64 126.37
6.11 28.35 28.79 106.59 131.65 141.23
8.84 27.56 26.51 102.55 127.43 147.47
14.64 24.84 23.08 100.62 124.09 150.46
19.47 25.01 21.58 100.26 121.8 150.37
26.07 25.01 21.58 102.11 120.92 146.77
34.15 26.42 20.0 103.78 121.1 140.09
45.49 27.12 20.62 109.76 122.51 135.16
54.29 29.76 22.37 115.91 122.24 116.88
63.87 34.07 26.07 122.95 126.29 100.26
17.45 33.36 33.71 123.74 138.33 110.2
19.91 31.6 29.76 119.43 134.29 117.41
23.43 31.08 28.79 117.32 131.65 120.48
29.23 31.78 27.91 115.21 132.35 124.88
35.38 30.99 26.15 117.41 131.56 116.88
42.59 32.22 26.15 120.22 129.1 109.93
50.68 34.59 27.82 124.44 130.86 99.82
59.38 37.67 29.41 129.98 133.14 86.02
68.44 41.8 32.31 137.36 138.68 67.91
30.2 40.04 42.77 141.23 150.46 69.05
32.04 38.99 38.99 136.48 144.57 78.73
35.03 39.43 35.91 134.2 144.4 83.56
38.99 39.52 34.07 133.41 142.73 84.18
44.79 38.9 34.15 133.93 139.65 80.84
51.38 40.22 34.24 136.4 140.0 73.63
59.38 43.03 35.56 141.23 143.6 61.93
68.79 44.09 39.78 146.86 142.99 45.67
79.16 46.55 44.44 154.07 148.44 25.1
