50.647 32.678 24.735 119.225 129.389 109.495
52.582 37.835 30.852 129.66 137.179 87.576
76.965 46.108 43.327 150.582 146.63 34.253
62.643 42.86 37.918 141.67 143.697 58.846
46.353 37.607 31.853 129.303 138.475 89.63
45.12 33.576 27.012 121.641 132.733 105.912
47.154 31.679 24.32 117.54 128.92 113.568
62.526 38.932 30.641 131.529 136.09 81.702
50.697 37.797 31.208 129.67 137.662 87.948
40.71 34.936 29.514 124.018 135.78 101.904
53.392 38.365 31.462 130.757 137.823 85.059
56.183 38.556 31.179 131.033 137.331 83.913
68.546 41.726 34.368 137.98 139.479 66.38
51.418 37.391 30.47 128.789 136.797 89.672
57.489 36.797 28.433 127.089 133.922 92.042
34.541 29.773 25.077 114.496 129.691 122.311
78.691 46.775 45.533 153.339 148.156 26.637
51.189 34.697 26.912 123.135 132.408 101.443
44.045 37.923 32.94 130.123 139.669 88.441
64.523 40.434 32.671 134.903 138.176 73.945
44.371 34.074 27.771 122.622 133.71 104.077
56.851 35.879 27.393 125.255 132.63 96.011
39.25 29.159 23.434 113.365 127.521 123.506
62.534 40.018 32.298 134.002 137.997 76.271
57.158 36.091 27.605 125.671 132.881 95.087
52.194 33.12 24.969 120.032 129.638 107.589
71.038 43.126 36.675 141.494 141.484 57.796
60.116 40.215 33.066 134.623 139.085 75.33
43.615 38.071 33.308 130.506 140.062 87.743
39.458 30.117 24.322 115.061 128.874 120.131
