-0.033 0.638 0.515 -0.555 2.659 0.005
-0.208 0.345 1.002 -0.32 -0.011 -0.024
-0.175 -0.002 2.057 -0.318 0.04 0.013
-0.087 0.44 1.738 -0.26 2.557 -0.014
-0.017 0.467 1.393 -0.237 2.435 0.0
-0.11 0.386 -0.808 -0.429 2.493 0.022
-0.186 -0.011 0.19 -0.48 -0.0 -4.452
-0.024 0.472 0.971 -0.211 2.33 -0.008
0.017 0.307 1.448 -0.4 2.672 -0.012
-0.04 0.516 0.464 -0.512 2.46 -0.026
-0.018 0.345 1.702 -0.273 2.483 0.009
-0.037 0.446 1.419 -0.267 2.431 0.003
-0.244 -0.694 1.528 -0.7 0.009 -0.04
0.118 0.421 0.89 -0.311 2.337 -0.038
0.129 0.447 0.433 -0.511 2.542 0.042
0.121 -0.777 0.417 -0.534 -0.019 -0.019
0.051 0.315 1.533 -0.201 2.796 -0.043
0.069 0.547 -0.908 -0.425 2.608 0.033
-0.215 0.343 1.42 -0.387 2.479 -0.039
-0.047 0.474 1.331 -0.177 2.746 -0.035
-0.159 0.364 -0.049 -0.238 2.85 0.037
0.101 0.409 -0.427 -0.415 2.56 -0.029
-0.09 -0.511 0.444 -0.615 0.001 -4.804
-0.016 0.418 1.398 -0.368 2.567 0.011
0.058 0.441 -0.135 -0.529 0.001 0.007
0.104 0.55 0.399 -0.448 2.738 0.029
-0.122 0.536 1.555 -0.266 2.534 -0.004
0.116 0.525 1.376 -0.277 2.425 0.03
-0.295 0.401 1.618 -0.444 2.262 -0.037
0.028 -0.083 0.012 -0.499 0.034 0.001
