-0.087 0.438 1.336 -0.304 2.53 -0.0
-0.251 0.375 1.579 -0.169 0.041 0.006
-0.042 0.613 -0.861 -0.373 2.84 0.035
-0.006 0.201 1.154 -0.443 2.654 0.042
-0.002 0.402 1.564 -0.297 2.982 -0.006
-0.209 0.362 1.266 -0.243 2.385 -0.013
0.018 0.328 1.476 -0.408 -0.008 -0.03
0.064 0.486 1.479 0.11 2.665 -0.016
1.506 -3.213 -0.972 1.376 -0.031 -0.008
0.126 0.298 1.021 -0.255 0.007 -4.696
0.046 0.477 1.135 -0.158 2.633 -0.005
-0.169 -0.144 0.506 -0.296 0.01 -4.622
0.52 -0.441 1.493 -0.33 -0.036 -0.034
0.202 0.017 1.157 -0.453 -0.006 -0.035
0.038 0.356 1.72 -0.223 2.508 -0.003
-0.086 0.313 0.442 -0.234 2.631 -0.041
0.258 0.45 1.354 -0.15 2.594 0.012
0.135 0.307 1.333 -0.255 2.368 -0.011
-0.131 0.416 -0.017 -0.234 2.543 0.002
0.025 0.295 0.971 -0.357 2.706 0.035
-0.269 -0.315 -0.545 -0.572 -0.023 0.034
0.234 0.46 1.319 0.023 2.356 -0.025
0.234 0.462 1.016 -0.137 0.024 -0.029
0.152 0.272 1.077 0.09 -3.419 -0.012
-0.057 -0.63 -0.216 -0.54 -0.022 -0.008
0.075 0.395 1.457 -0.211 2.467 0.041
-0.273 0.474 1.609 -0.148 2.539 -0.033
0.036 0.344 1.572 -0.186 -0.025 0.01
0.129 0.343 0.378 -0.257 2.288 -0.008
0.004 0.407 0.411 -0.198 -0.028 -0.008
