17.8 30.29 29.67 117.23 133.32 122.24
23.6 36.7 37.32 131.38 145.19 92.26
29.93 29.76 27.82 116.18 129.1 120.92
32.57 36.62 33.8 129.54 138.95 93.76
26.59 35.56 33.98 127.96 138.95 98.51
25.01 35.91 35.47 128.92 140.7 97.01
29.85 36.35 34.15 129.45 142.2 94.73
35.3 37.58 34.68 131.65 140.26 87.43
24.66 29.58 24.84 107.21 126.99 135.6
36.0 35.82 31.52 127.16 139.12 101.93
22.11 34.15 33.8 125.14 138.33 105.27
30.46 32.48 28.7 119.96 134.9 118.02
38.11 38.2 32.92 130.77 141.23 89.27
14.55 29.58 29.49 115.38 134.99 126.99
21.67 31.69 29.67 119.6 134.29 116.35
30.55 31.87 28.53 119.6 132.0 113.98
34.24 37.05 34.07 130.59 139.56 90.42
20.53 32.13 30.9 120.48 135.34 115.03
31.78 31.08 27.82 118.2 130.68 116.35
36.79 34.68 29.67 124.7 134.29 102.2
26.24 28.26 25.98 111.96 129.36 130.33
37.23 37.76 34.33 131.74 140.09 86.81
40.92 37.58 33.01 130.86 140.79 87.96
38.99 36.79 31.96 128.57 143.16 92.79
25.27 30.37 27.82 115.38 132.35 124.09
38.46 37.23 32.75 130.33 138.51 89.89
28.79 38.2 38.55 134.99 144.13 82.95
29.23 33.45 29.85 122.86 137.54 107.74
23.96 30.73 29.14 117.76 132.44 119.34
30.46 32.4 29.32 120.75 135.6 111.6
