0.383 -0.162 0.069
0.419 -0.199 0.076
0.391 -0.052 0.065
0.433 -0.099 0.072
0.422 -0.146 0.073
0.42 -0.169 0.074
0.43 -0.124 0.073
0.442 -0.089 0.073
0.366 -0.052 0.064
0.428 -0.053 0.07
0.408 -0.17 0.072
0.404 -0.067 0.066
0.439 -0.05 0.072
0.372 -0.176 0.068
0.396 -0.141 0.069
0.403 -0.064 0.066
0.438 -0.089 0.073
0.396 -0.155 0.07
0.398 -0.047 0.065
0.419 -0.033 0.068
0.376 -0.065 0.064
0.443 -0.069 0.073
0.439 -0.028 0.072
0.433 -0.035 0.071
0.387 -0.087 0.065
0.438 -0.049 0.072
0.437 -0.175 0.077
0.413 -0.092 0.068
0.394 -0.11 0.066
0.407 -0.07 0.067
