0.33977172 -0.15471011 0.06455311
0.26737076 -0.047090173 0.052807115
0.32749617 -0.12938255 0.061983496
0.31120843 -0.16554803 0.061450206
0.3809498 0.08278766 0.064932905
0.28104085 0.06265469 0.056609392
0.27954698 -0.1847626 0.056285754
0.3948172 -0.11038524 0.06793962
0.32427275 0.1225949 0.061173394
0.35174066 0.05830293 0.060330406
0.32227856 -0.023118705 0.058110654
0.293357 -0.097083196 0.05670888
0.35277987 0.1598704 0.0636097
0.37341183 -0.16824552 0.067680955
0.37077254 -0.18516132 0.067914285
0.42916685 0.10926036 0.07218962
0.35631737 -0.25257456 0.06853318
0.2836886 -0.06948592 0.055337645
0.41652447 0.15185496 0.07371111
0.43096474 0.1131804 0.072642885
0.4238906 -0.22516552 0.07537844
0.38455078 -0.07826312 0.06581896
0.32312387 0.15058118 0.06149192
0.40860802 0.023761995 0.06706911
0.27570236 -0.116054535 0.054522075
