0.2917999 -0.057046294 0.05555936
0.30697066 -0.115671635 0.0588675
0.40775663 0.08526008 0.06807943
0.30845517 0.07298456 0.059625536
0.2925592 0.15693149 0.06092491
0.4104387 0.072113276 0.06753535
0.36417294 0.1176242 0.06478047
0.42551112 -0.19144413 0.075202316
0.40698618 -7.075071e-05 0.06786142
0.2824094 0.075723305 0.057098955
0.2928618 -0.052213103 0.055605628
0.28065965 -0.22144592 0.054594472
0.33845174 0.16461688 0.0625172
0.35478985 0.1563817 0.0639165
0.32865465 -0.17887235 0.064167574
0.27949417 -0.22330385 0.053478993
0.37638378 0.10973926 0.065695606
0.38839298 -0.26057848 0.07032443
0.2714314 0.057446443 0.05511356
0.39162427 0.14704016 0.06852663
0.28102165 -0.18059826 0.057244025
0.2942745 0.14648432 0.061201878
0.3421669 -0.14033398 0.06425814
0.30241695 -0.090301275 0.057255745
0.3005189 -0.035199106 0.056147136
