0.3682224 0.038659066 0.058444984
0.33625343 -0.11808252 0.06260598
0.37555373 -0.17194027 0.067864485
0.29744107 -0.049546912 0.055536665
0.3066725 0.044534646 0.058507293
0.3373561 -0.22286028 0.067091666
0.42032453 -0.017863944 0.06900116
0.3118366 -0.17170006 0.06178187
0.325002 0.17658985 0.06208948
0.2808202 0.15939839 0.058067985
0.35671794 -0.1380468 0.0660977
0.40121365 0.11288372 0.06831772
0.2767375 -0.11531299 0.054859392
0.27456653 0.001774326 0.053680405
0.29868096 -0.049429163 0.055536136
0.29280108 0.015340418 0.057484433
0.40228102 0.08234559 0.0672209
0.31360584 -0.20608363 0.06341912
0.30273345 0.010835409 0.05691646
0.320264 -0.045010254 0.05793953
0.31287634 -0.06124857 0.057357937
0.39337808 -0.15452856 0.06956377
0.3201668 0.05401215 0.060498223
0.28900585 0.051830165 0.05818835
0.3092078 -0.229065 0.06381993
