0.35713428 -0.04148774 0.06090951
0.413533 -0.010554925 0.068411745
0.408455 -0.09611574 0.068952255
0.32103437 0.07021127 0.06073133
0.39898255 -0.18250775 0.07086884
0.3813495 -0.03121595 0.06340168
0.3751649 0.16141206 0.06702459
0.3598343 -0.1267632 0.06601359
0.35229793 -0.043854773 0.061097763
0.27215856 -0.13675162 0.052295573
0.30562776 0.12490682 0.06072434
0.2700193 -0.0695599 0.05268863
0.33234623 -0.019595057 0.058587678
0.2824935 -0.19266221 0.05814328
0.35405892 -0.13144854 0.0654149
0.29705337 -0.18755758 0.06059838
0.42811936 -0.088689074 0.07082891
0.3338771 -0.22461864 0.06689416
0.35363808 -0.18054044 0.0669799
0.36605975 -0.19209987 0.06783298
0.27751225 -0.1421431 0.05527515
0.28352416 -0.14583853 0.057564355
0.31510726 -0.1969094 0.06322753
0.3387956 -0.14142907 0.063884325
0.32693285 0.07308417 0.060923934
