0.27799794 -0.16922885 0.055367105
0.356987 -0.0690361 0.062666416
0.3989682 0.05351854 0.063259184
0.3488652 -0.014638931 0.06070911
0.4154387 -0.08554557 0.069277026
0.27530262 -0.20909908 0.05137437
0.28487572 -0.04276386 0.05604633
0.2726615 -0.058786854 0.053541586
0.27578306 -0.17618853 0.05397436
0.30988485 -0.016357511 0.057788245
0.3178563 -0.18940997 0.063260004
0.4207931 -0.24822974 0.07445775
0.29334366 0.030485466 0.057215042
0.2858827 -0.022610828 0.05631861
0.4021218 -0.11219621 0.06914589
0.35639802 0.11055441 0.063750826
0.356901 -0.056688115 0.062044345
0.36222988 -0.027764872 0.061759874
0.3697546 0.14496447 0.06622547
0.32098162 -0.2310777 0.06537125
0.38009217 -0.18226531 0.06832584
0.29764885 -0.058720917 0.05558844
0.36658746 -0.14367267 0.0668223
0.36743408 0.16091435 0.06584522
0.27234843 -0.13496378 0.05242853
