0.40067986 0.053742215 0.06366201
0.2716484 -0.06666835 0.053198367
0.34348905 -0.091629565 0.06242895
0.37255982 -0.13458747 0.06696928
0.30700535 0.17454845 0.06159862
0.31601128 0.092902265 0.060114518
0.4026452 -0.025353402 0.06722796
0.4300805 0.16945997 0.07682531
0.27588305 -0.21694559 0.051130116
0.3563283 -0.08145827 0.063410334
0.3910615 0.13417076 0.068005696
0.33109498 -0.24672958 0.06729721
0.4210764 -0.1919541 0.07454278
0.32034472 -0.03844942 0.05784095
0.31535107 0.09000635 0.06009245
0.33440965 -0.22343615 0.066914484
0.30138463 -0.0904247 0.057132542
0.40982243 -0.1981315 0.07262812
0.39070156 -0.004417643 0.065235965
0.4002246 -0.098890126 0.06837828
0.35801017 0.009575903 0.060388908
0.40058747 0.02376528 0.06497574
0.39520848 -0.026562646 0.06648437
0.27833736 0.046013065 0.055982
0.43374687 0.11111082 0.07291789
