0.39848635 0.05489797 0.06325514
0.27931252 -0.027627364 0.055399522
0.41278118 0.0058280677 0.069562316
0.43439007 -0.009364933 0.07179486
0.29136243 -0.07447387 0.055815734
0.40740773 0.15593491 0.07148685
0.3324756 0.0077310055 0.058146916
0.37392998 -0.042489663 0.062526
0.39844525 -0.028612792 0.0668185
0.41519567 -0.08981289 0.069433704
0.2768186 -0.057137057 0.05430025
0.2787813 0.014312178 0.055574894
0.4430679 0.11915062 0.074623995
0.27047956 -0.16509572 0.0508679
0.35045308 -0.017277285 0.060779244
0.36413747 -0.16824892 0.06722879
0.34019077 -0.032026082 0.059791267
0.28074718 0.0774699 0.05675427
0.28256398 -0.13731536 0.056994915
0.26873493 0.008193359 0.051785983
0.28178078 0.0038841218 0.055465415
0.30443317 -0.18013346 0.061209463
0.29113978 0.0064154416 0.057486907
0.3047585 0.13253342 0.060997
0.28918958 0.1653917 0.060048245
