0.43211553 -0.067627236 0.070707545
0.3270367 -0.08301704 0.060015067
0.41905186 -0.005129546 0.06965968
0.26901168 0.021251671 0.052405566
0.42768744 -0.08002427 0.0704074
0.32674438 -0.10651383 0.06094736
0.32217765 -0.16970867 0.062984884
0.3129704 0.013639003 0.057484537
0.33631286 -0.018017143 0.058868155
0.37366366 -0.032951698 0.06260301
0.35282826 -0.03128007 0.060337745
0.3106051 -0.070326224 0.0574499
0.313358 -0.01278843 0.05792269
0.3769372 0.1514424 0.06729545
0.27005386 -0.14541292 0.05104626
0.30979195 -0.0048195124 0.05714556
0.41794968 -0.14636767 0.07260888
0.37346268 0.14648727 0.06678204
0.29858512 0.07505709 0.05889292
0.30845565 -0.2282114 0.06369126
0.34429982 -0.07192667 0.061762147
0.3324591 0.031245552 0.059184
0.39735872 -0.13368157 0.06905376
0.4189815 0.14095354 0.07337975
0.35273153 0.01723738 0.0596176
