0.40153363 -0.09298693 0.06811147
0.37783483 -0.028987125 0.0630445
0.36147174 -0.23765677 0.06858423
0.36042708 0.13557716 0.064850606
0.36522615 -0.07637173 0.0638278
0.34097242 -0.1363883 0.063947044
0.31707132 0.037925474 0.058652163
0.397676 -0.0663559 0.06646624
0.28252095 -0.22697094 0.055633724
0.30642784 -0.23321775 0.063679956
0.38712096 -0.10314171 0.06676215
0.2800374 0.08368617 0.056714535
0.3710846 0.06582039 0.06282781
0.38215673 -0.005916938 0.064084694
0.28184927 -0.21554968 0.056082673
0.3460714 0.05163262 0.05922062
0.3394963 0.12664247 0.06251417
0.27021864 0.038200393 0.055118203
0.3231141 0.059479922 0.0612126
0.43354124 0.059999473 0.0713496
0.43353546 0.10139753 0.07237966
0.3284396 0.0045190305 0.0578133
0.4109288 0.06392019 0.06661411
0.3643431 0.10442015 0.064302474
0.30658144 0.06819971 0.059493378
