0.2734483 0.08408074 0.055520326
0.4292729 -0.033090875 0.069917
0.3408754 0.07294969 0.061898783
0.30152524 0.007640034 0.057150103
0.41342166 -0.16119552 0.07238688
0.34829056 -0.0642658 0.061631784
0.2747177 -0.11224109 0.05409576
0.327864 -0.19066635 0.0645555
0.367938 0.08095222 0.06321106
0.35889405 0.13417679 0.06462399
0.42775238 -0.046911836 0.06990482
0.41225308 -0.11011046 0.07013143
0.30030665 -0.07005091 0.05619958
0.36983848 -0.17074901 0.067560285
0.2754055 0.08332498 0.055902034
0.3253647 0.14070135 0.061444253
0.37723058 -0.09760195 0.06581082
0.34114656 -0.032736197 0.05988592
0.4172576 -0.05961214 0.0687091
0.29605234 -0.24187988 0.06225749
0.3036849 0.12382973 0.060709998
0.300543 0.054019123 0.058962815
0.39219213 -0.037200138 0.065570675
0.36393175 -0.00080898404 0.06209784
0.3549572 -0.15961394 0.066596374
