19.47 34.42 34.51 126.37 139.82 104.22
20.18 33.8 33.19 123.91 137.89 108.53
21.67 32.75 31.43 122.15 136.04 111.69
23.52 32.31 29.85 120.66 134.9 113.8
25.8 31.69 29.58 119.87 133.14 114.86
28.44 31.78 28.79 119.43 132.26 115.21
30.81 31.87 28.18 119.25 131.56 114.77
33.89 32.31 28.0 119.6 133.58 113.54
36.97 32.22 27.91 119.96 130.86 111.34
40.48 32.84 27.82 121.36 130.86 108.26
44.18 33.8 28.0 122.86 130.95 104.22
47.96 34.77 28.0 124.79 131.56 99.47
51.82 36.0 28.26 126.99 132.53 94.11
56.04 37.32 29.49 129.63 133.14 87.6
60.62 38.81 29.76 132.53 134.29 80.13
65.54 40.31 32.13 136.22 136.04 71.52
70.73 42.07 34.24 140.18 137.63 61.58
