1.196 -3.939 0.315 1.312 0.038 -0.005
1.308 -3.546 0.185 2.21 0.015 0.014
0.85 -3.684 0.396 1.229 -0.02 -0.038
2.051 -3.433 -0.911 1.954 0.007 -0.0
1.564 -4.001 -0.48 0.944 0.035 0.013
0.545 -3.773 0.019 -0.333 -0.038 -0.003
0.237 -3.52 -0.62 -0.739 0.011 -0.03
0.283 -3.197 0.068 -0.462 -0.035 0.007
1.614 -3.558 -0.606 1.09 0.017 0.04
2.969 -3.427 -0.91 0.977 -0.036 -0.004
2.232 -4.126 -1.085 1.116 0.005 0.025
2.155 -3.872 -0.834 0.592 0.013 0.035
-0.261 -0.558 0.638 -0.579 -0.024 0.042
-0.052 -0.137 -0.313 -0.547 2.571 0.001
0.186 0.342 0.646 -0.521 3.039 0.028
0.089 0.473 0.336 -0.445 3.111 0.006
-0.005 0.416 0.076 -0.396 2.633 -0.042
