-0.152 0.379 1.896 -0.344 2.544 -0.029
0.162 0.135 1.345 -0.283 2.474 0.003
0.11 0.441 1.476 -0.395 2.577 0.02
0.104 0.263 1.664 -0.225 2.249 -0.038
0.017 0.431 0.764 -0.269 2.806 -0.034
-0.22 0.143 0.56 -0.382 2.666 -0.001
0.076 0.069 0.383 -0.359 2.588 -0.007
-0.093 -0.136 -0.007 -0.471 0.039 -0.042
-0.014 0.399 -0.255 -0.173 2.497 0.039
-0.087 0.405 -0.238 -0.425 2.537 0.037
-0.084 0.251 -0.209 -0.301 2.782 0.035
-0.014 0.323 0.246 -0.323 2.707 0.044
0.122 0.356 0.704 -0.331 2.464 -0.042
0.149 0.44 0.522 -0.339 2.838 0.044
0.093 0.467 1.669 -0.154 2.924 0.026
0.008 0.562 1.126 -0.3 2.649 -0.016
0.003 0.427 1.301 -0.251 2.754 -0.024
