4.53 28.44 28.09 105.01 130.15 145.8
6.11 26.77 26.51 101.85 127.87 149.32
8.66 25.8 24.75 101.05 125.85 152.04
9.89 24.66 24.66 98.95 124.0 153.89
13.14 24.57 22.99 99.03 122.42 154.95
17.19 23.96 21.41 99.74 121.19 155.3
20.79 23.6 21.14 100.0 120.13 154.86
24.31 23.43 19.74 100.09 119.52 153.45
26.77 24.22 19.91 99.38 119.16 151.16
29.32 24.84 19.91 100.62 119.16 148.26
34.07 26.59 20.0 101.93 119.34 144.57
38.29 27.65 19.91 104.31 119.87 140.09
44.97 25.89 18.86 107.74 120.75 134.81
49.19 27.21 20.53 110.46 119.34 128.66
53.58 28.62 20.62 113.71 120.4 121.45
58.42 30.55 22.29 117.23 122.07 113.54
63.34 32.84 24.22 121.01 124.44 105.01
