0.29162 -0.06024696
0.2994315 -0.11251406
0.41190252 0.08691024
0.30684164 0.080914535
0.30226892 0.15394607
0.41613758 0.07579256
0.36416543 0.11718979
0.4311489 -0.18950163
0.4110145 -0.0024424046
0.28377086 0.08012078
0.29189727 -0.05501114
0.30074725 -0.2211308
0.33351272 0.16869353
0.35118002 0.15843432
0.32589105 -0.17795943
0.29924455 -0.22193228
0.37694108 0.108006425
0.38438272 -0.25294042
0.2697801 0.0670079
0.38957566 0.14541008
0.29624295 -0.18189065
0.30304238 0.1449008
0.33084518 -0.13714801
0.29711336 -0.09016369
0.2960863 -0.03613402
