0.40810576 0.054103315
0.275145 -0.06300032
0.3355435 -0.090145305
0.3694619 -0.13210799
0.30979592 0.17351787
0.31694424 0.098720156
0.40483436 -0.029965833
0.42340097 0.16435042
0.29367262 -0.21304859
0.35169065 -0.08166118
0.3902431 0.13155544
0.34313583 -0.24901642
0.4261361 -0.18958707
0.3185197 -0.04184562
0.31656688 0.09517802
0.33976027 -0.22419332
0.29661408 -0.090433195
0.41155702 -0.19477345
0.39440727 -0.011075899
0.39935613 -0.098720506
0.36154705 0.0016646385
0.40556258 0.022796288
0.39764765 -0.032130867
0.27407622 0.055447415
0.431037 0.112489186
