0.27843317 0.08309061
0.42966956 -0.033864185
0.34316432 0.076945566
0.2971995 0.014168888
0.41671175 -0.15978362
0.34553206 -0.066747904
0.28059515 -0.11040576
0.3281796 -0.19068749
0.37062842 0.08259819
0.3579964 0.13483733
0.42611447 -0.04595509
0.4135261 -0.109460995
0.2960079 -0.0718561
0.36563247 -0.16734491
0.2801294 0.08307834
0.32342166 0.14429288
0.37387753 -0.09644307
0.34176695 -0.037306845
0.41491246 -0.059752584
0.32018197 -0.24764954
0.30615914 0.12800883
0.29722244 0.06487746
0.3940312 -0.04306361
0.3669573 -0.0076695383
0.34770936 -0.15686469
