0.37711525 0.036604166
0.32347238 -0.114101216
0.37260103 -0.16838895
0.29429436 -0.05175717
0.3034884 0.053311974
0.3411979 -0.22297843
0.42256135 -0.01967527
0.31449902 -0.17168067
0.31920278 0.18251348
0.2939952 0.15368709
0.35026565 -0.13592373
0.39865714 0.11271119
0.28229377 -0.11409907
0.27175543 0.0069749057
0.294918 -0.05147782
0.28684428 0.024392858
0.40723842 0.083929315
0.32352623 -0.20844315
0.2989412 0.01726818
0.3173864 -0.048313364
0.30660653 -0.063449174
0.39401084 -0.1517274
0.31992 0.059887968
0.28369948 0.063763775
0.32633376 -0.23348607
