0.32757336 -0.15132634
0.27377385 -0.042068496
0.31370023 -0.12492828
0.31270373 -0.16512932
0.38450032 0.08386614
0.2786768 0.07206246
0.2954587 -0.18540679
0.39346755 -0.109727785
0.32394302 0.12568599
0.35657525 0.06330826
0.32231852 -0.02633363
0.29270452 -0.09787117
0.3484963 0.16236117
0.37007892 -0.16485916
0.36637944 -0.1812525
0.4270886 0.11040441
0.3573073 -0.2493894
0.28754106 -0.07367681
0.4132479 0.14658594
0.4278836 0.11418177
0.42712736 -0.22138812
0.38378263 -0.07925375
0.32039586 0.15489322
0.41268408 0.022367626
0.28146604 -0.114276364
