0.42787075 -0.064708725
0.3183458 -0.0823959
0.42170608 -0.0050863773
0.26982272 0.026818916
0.42418036 -0.07717632
0.3123436 -0.10212214
0.32001346 -0.16866909
0.31065693 0.01739499
0.33904904 -0.02248539
0.37549013 -0.03990543
0.35447407 -0.037228525
0.3017003 -0.070969716
0.31148106 -0.012951657
0.37486386 0.15145124
0.27646405 -0.13796239
0.30765134 -0.0022079796
0.4210162 -0.14601363
0.37188655 0.1464951
0.29601324 0.08324308
0.32570028 -0.23263325
0.33983293 -0.072842285
0.33324957 0.029941887
0.3978389 -0.1322984
0.4162569 0.13547796
0.3570329 0.00843963
