0.4011068 -0.09257276
0.3798247 -0.035948724
0.35689348 -0.23308165
0.3594473 0.1361733
0.36193794 -0.078042075
0.32934922 -0.13304462
0.3153299 0.042968556
0.39674234 -0.06852795
0.3037906 -0.22772892
0.32545948 -0.23821567
0.3846643 -0.102237
0.28426486 0.084158555
0.37737778 0.0672381
0.38575557 -0.012329981
0.301978 -0.2166021
0.35091397 0.051065445
0.33893514 0.12845786
0.26868266 0.045745835
0.3236794 0.06532236
0.43565816 0.066291824
0.43194002 0.10475755
0.32962286 0.0025277287
0.4170728 0.06889173
0.3650061 0.10358202
0.30423188 0.07820096
