0.2904092 -0.16832115
0.35410166 -0.071325496
0.40658277 0.053882882
0.35144132 -0.019692615
0.41334346 -0.083829895
0.292261 -0.20522277
0.28457594 -0.043338895
0.27472952 -0.054692015
0.28935176 -0.17412765
0.30809158 -0.016623154
0.32210177 -0.19018428
0.42189902 -0.24234094
0.28662133 0.040840372
0.28256994 -0.019722268
0.40165332 -0.1119722
0.35691088 0.11050996
0.35585308 -0.060596094
0.36389676 -0.034089
0.3681863 0.14520428
0.33361316 -0.23462225
0.37785876 -0.17829297
0.29459658 -0.061160773
0.36239624 -0.14124463
0.36340946 0.16241118
0.2784958 -0.12966342
