0.35917938 -0.047372937
0.41657498 -0.013700783
0.40851548 -0.095235184
0.32138863 0.07686215
0.39952353 -0.17927186
0.38352343 -0.038080484
0.3712862 0.16238013
0.3544029 -0.12496637
0.35336757 -0.048925757
0.27832758 -0.13117705
0.30726266 0.12958851
0.27522883 -0.066039905
0.33439958 -0.02372764
0.30046013 -0.19524996
0.34653604 -0.12936424
0.30964458 -0.18995322
0.42617485 -0.08602752
0.33972523 -0.22552432
0.3455165 -0.17710851
0.36041486 -0.18804471
0.2840531 -0.1393622
0.29135182 -0.14682125
0.3222584 -0.19846742
0.32647365 -0.13786294
0.32773894 0.078035764
