0.4063353 0.055431545
0.27784848 -0.023356453
0.4162705 0.0045401454
0.4348501 -0.0078410655
0.29161635 -0.077262804
0.40360332 0.15271592
0.33394092 0.0049251765
0.37537727 -0.049264133
0.40061975 -0.03372048
0.4138851 -0.08822586
0.27814585 -0.056016624
0.27220884 0.02400595
0.4380917 0.12066018
0.28086045 -0.1586989
0.35283607 -0.022533149
0.35871744 -0.16503601
0.34081084 -0.036525786
0.28293747 0.08067563
0.2883799 -0.13750471
0.27061087 0.012526229
0.2734579 0.01217486
0.31218246 -0.18135966
0.28614658 0.014372021
0.30741635 0.13581814
0.29964775 0.16062778
