0.24 -0.421 0.207 -0.52 -1.633 -1.919
-0.186 0.778 1.563 -0.472 0.023 0.022
-0.274 0.724 1.548 -0.652 -0.03 0.043
-0.203 0.076 1.621 -0.636 -2.122 -0.003
-0.179 0.851 0.578 -0.622 0.005 2.341
-0.465 0.702 0.668 -0.764 -1.514 0.035
-0.215 0.364 0.128 -0.641 -2.23 -0.028
-0.099 1.024 0.557 -0.756 0.038 -0.027
1.362 -1.363 -0.638 0.503 -2.08 -0.01
-0.145 0.004 -0.058 -0.663 -2.154 -0.027
-0.061 1.041 0.7 -0.614 0.032 0.001
-0.145 0.737 1.529 -0.573 -0.026 2.388
-0.19 0.863 1.501 -0.487 0.043 2.303
0.803 -0.515 -0.021 0.503 -2.728 0.015
-0.281 1.327 0.736 -0.758 -0.031 0.04
-0.41 1.205 0.664 -0.668 1.511 0.007
-0.222 0.381 0.586 -0.684 -1.6 0.009
-0.175 0.733 1.143 -0.636 0.024 2.266
-0.164 0.996 0.538 -0.789 1.374 0.013
-0.063 1.196 0.555 -0.649 1.661 0.028
-0.058 1.226 0.51 -0.611 0.93 2.444
0.739 -0.516 -0.8 0.145 -0.01 -2.418
0.06 -0.42 -0.363 -0.423 -1.345 -0.047
0.492 -0.781 -0.158 0.171 -1.782 -2.216
-0.16 0.696 0.488 -0.532 -0.016 2.639
-0.256 0.661 0.43 -0.705 -2.302 -0.034
-0.216 0.652 0.459 -0.522 -0.021 2.367
-0.231 0.161 0.495 -0.705 -1.838 0.016
-0.21 0.897 0.541 -0.692 0.918 0.015
-0.547 0.667 1.248 -0.664 -1.753 0.004
